RSE:0.4633113145828247
RAE:0.3034554719924927
CORR:0.8736772359949551
